()
======================Iterative ===================
2
0.00126099586487
3
0.00194501876831
4
0.00250911712646
5
0.00329494476318
6
0.00372695922852
7
0.00435495376587
8
0.00518107414246
9
0.00577998161316
10
0.00658202171326
11
0.00702691078186
12
0.00765800476074
13
0.00823307037354
14
0.00884199142456
15
0.00946497917175
16
0.0100588798523
17
0.010763168335
18
0.0113370418549
19
0.0121328830719
20
0.0125110149384
21
0.015193939209
22
0.0179951190948
23
0.0192890167236
24
0.0212571620941
25
0.0224890708923
26
0.0243091583252
27
0.02623295784
28
0.0279531478882
29
0.0295140743256
30
0.0313949584961
31
0.032735824585
32
0.0338931083679
33
0.0353240966797
34
0.0370070934296
35
0.0384900569916
36
0.0408589839935
37
0.0419270992279
38
0.0437140464783
39
0.0455989837646
40
0.0465469360352
41
0.0480871200562
42
0.0535850524902
43
0.0512731075287
44
0.0529520511627
45
0.0550701618195
46
0.0571980476379
47
0.0588250160217
48
0.0599870681763
49
0.0612709522247
50
0.0631120204926
51
0.0687291622162
52
0.0666508674622
53
0.0681600570679
54
0.073438167572
55
0.0712449550629
56
0.0728209018707
57
0.0745708942413
58
0.0757420063019
59
0.078292131424
60
0.0799911022186
61
0.0811660289764
62
0.0828909873962
63
0.0847220420837
64
0.0852081775665
65
0.0876350402832
66
0.0891599655151
67
0.0903561115265
68
0.089742898941
69
0.0903370380402
70
0.092835187912
71
0.0959758758545
72
0.098865032196
73
0.100862026215
74
0.0991971492767
75
0.100003004074
76
0.102371931076
77
0.108079910278
78
0.108599185944
79
0.111856937408
80
0.113507986069
81
0.11595416069
82
0.117332935333
83
0.117615938187
84
0.119868993759
85
0.122657060623
86
0.12470293045
87
0.1258020401
88
0.127560138702
89
0.129981994629
90
0.132776975632
91
0.133791923523
92
0.1351749897
93
0.136226177216
94
0.13812994957
95
0.139719009399
96
0.141759872437
97
0.143869876862
98
0.145128011703
99
0.147953033447
100
0.14861702919
101
0.150367975235
102
0.154033899307
103
0.155026912689
104
0.156667947769
105
0.158501148224
106
0.159914016724
107
0.16156411171
108
0.163619995117
109
0.165293931961
110
0.16711306572
111
0.16942691803
112
0.171795129776
113
0.17458486557
114
0.175820112228
115
0.177531957626
116
0.18014216423
117
0.180742025375
118
0.180994033813
119
0.183961868286
120
0.185117959976
121
0.187395095825
122
0.192579030991
123
0.190546035767
124
0.192849874496
125
0.195873022079
126
0.202277898788
127
0.198837041855
128
0.200520038605
129
0.203125
130
0.204862117767
131
0.205857992172
132
0.20824098587
133
0.210921049118
134
0.213753938675
135
0.215623855591
136
0.215645074844
137
0.218429088593
138
0.219345808029
139
0.227810144424
140
0.223550081253
141
0.227334976196
142
0.228491067886
143
0.229834079742
144
0.231136083603
145
0.234781980515
146
0.236639022827
147
0.23747420311
148
0.238867044449
149
0.241772174835
150
0.24368596077
151
0.246201038361
152
0.247716903687
153
0.249197006226
154
0.248461961746
155
0.255662918091
156
0.255919933319
157
0.256582975388
158
0.25897192955
159
0.260207891464
160
0.262155056
161
0.266777038574
162
0.26949596405
163
0.271989822388
164
0.274019956589
165
0.27600312233
166
0.277766227722
167
0.281177997589
168
0.284259080887
169
0.28465294838
170
0.287104845047
171
0.289947032928
172
0.290935993195
173
0.294062852859
174
0.294018030167
175
0.296728134155
176
0.296885967255
177
0.299067974091
178
0.300468921661
179
0.303619861603
180
0.30384683609
181
0.30801486969
182
0.311991930008
183
0.306616783142
184
0.307121038437
185
0.310745954514
186
0.318336009979
187
0.321751832962
188
0.322994947433
189
0.319732904434
190
0.322590112686
191
0.326735973358
192
0.329841852188
193
0.329679012299
194
0.332702875137
195
0.350839138031
196
0.341300010681
197
0.341966152191
198
0.338325023651
199
0.340316057205
200
0.34269285202
201
0.347113132477
202
0.350136041641
203
0.353519201279
204
0.351490020752
205
0.354691982269
206
0.359504938126
207
0.36603307724
208
0.364209890366
209
0.370902061462
210
0.371156930923
211
0.372213840485
212
0.375775098801
213
0.375568151474
214
0.377685785294
215
0.380970954895
216
0.378331184387
217
0.382802009583
218
0.387518167496
219
0.39177107811
220
0.396102905273
221
0.400532007217
222
0.402493000031
223
0.399135828018
224
0.40772819519
225
0.412338018417
226
0.412276029587
227
0.416248083115
228
0.4172270298
229
0.421061992645
230
0.422314882278
231
0.42756819725
232
0.425472974777
233
0.429939985275
234
0.433944940567
235
0.435934066772
236
0.437439918518
237
0.439610004425
238
0.443058013916
239
0.447284936905
240
0.449491024017
241
0.449213981628
242
0.452816963196
243
0.455168962479
244
0.457187891006
245
0.45813202858
246
0.457945108414
247
0.457426071167
248
0.460940122604
249
0.464774847031
250
0.459324836731
251
0.474555015564
252
0.477346897125
253
0.477289915085
254
0.474327087402
255
0.473957061768
256
0.478287935257
257
0.47552895546
258
0.476925134659
259
0.483101129532
260
0.491487026215
261
0.486932039261
262
0.484665155411
263
0.498669147491
264
0.501412153244
265
0.508429050446
266
0.511293888092
267
0.516528844833
268
0.519331932068
269
0.521492004395
270
0.523685932159
271
0.540089130402
272
0.527193784714
273
0.531172990799
274
0.533617973328
275
0.540269851685
276
0.545816898346
277
0.545179128647
278
0.549494028091
279
0.549659967422
280
0.554007053375
281
0.551503181458
282
0.555531978607
283
0.561211109161
284
0.565179109573
285
0.564630031586
286
0.570835113525
287
0.569806098938
288
0.574798107147
289
0.575871944427
290
0.576742887497
291
0.575169086456
292
0.576644897461
293
0.580262899399
294
0.583585977554
295
0.588006973267
296
0.590730905533
297
0.596792936325
298
0.599693059921
299
0.602197885513
300
0.60023188591
301
0.600560903549
302
0.606657028198
303
0.610267162323
304
0.61101102829
305
0.615486860275
306
0.618281126022
307
0.619695901871
308
0.623747825623
309
0.626410007477
310
0.62677693367
311
0.631891012192
312
0.628911018372
313
0.633677005768
314
0.636395931244
315
0.645153045654
316
0.645260095596
317
0.646730899811
318
0.642220973969
319
0.650854825974
320
0.654397010803
321
0.643942117691
322
0.646253108978
323
0.647500038147
324
0.653270959854
325
0.66220498085
326
0.664228916168
327
0.665944099426
328
0.670697927475
329
0.671050071716
330
0.660547971725
331
0.672970056534
332
0.678102016449
333
0.681880950928
334
0.685526132584
335
0.678467988968
336
0.682245969772
337
0.688639879227
338
0.692872047424
339
0.697415828705
340
0.696846008301
341
0.696885108948
342
0.705535173416
343
0.707481861115
344
0.711355924606
345
0.721586942673
346
0.72390794754
347
0.718747138977
348
0.725908041
349
0.723833084106
350
0.721078872681
351
0.723309993744
352
0.737165927887
353
0.747926950455
354
0.745888948441
355
0.752120018005
356
0.755800962448
357
0.759097099304
358
0.750779867172
359
0.752636909485
360
0.776378154755
361
0.772333860397
362
0.790279150009
363
0.779986143112
364
0.778701066971
365
0.775606155396
366
0.78388094902
367
0.792328119278
368
0.796257972717
369
0.802586078644
370
0.798815011978
371
0.795423030853
372
0.805449008942
373
0.806164979935
374
0.813102006912
375
0.82271194458
376
0.821583032608
377
0.828469991684
378
0.831972837448
379
0.836750030518
380
0.840107917786
381
0.842050075531
382
0.838259935379
383
0.840022087097
384
0.839984893799
385
0.836982011795
386
0.827888965607
387
0.839098215103
388
0.840482950211
389
0.842803955078
390
0.86147403717
391
0.857033014297
392
0.853939056396
393
0.864407062531
394
0.867570877075
395
0.877862930298
396
0.880947828293
397
0.885043859482
398
0.889489889145
399
0.888784885406
400
0.891220092773
401
0.898863077164
402
0.901165962219
403
0.902988195419
404
0.894246101379
405
0.896462917328
406
0.904356002808
407
0.90185213089
408
0.912300825119
409
0.921007871628
410
0.894905090332
411
0.911945104599
412
0.915260076523
413
0.919517040253
414
0.925952196121
415
0.920485973358
416
0.934020996094
417
0.931804895401
418
0.947293043137
419
0.953434944153
420
0.941855192184
421
0.964112043381
422
0.951893806458
423
0.953636169434
424
0.96386885643
425
0.956691026688
426
0.963828086853
427
0.963135957718
428
0.978674888611
429
0.98597407341
430
0.99058508873
431
0.996133089066
432
0.99823307991
433
1.00279808044
434
1.00921487808
435
1.00279307365
436
1.0029900074
437
1.00761795044
438
1.01213502884
439
1.02303886414
440
1.02593708038
441
1.0278468132
442
1.02924895287
443
1.03495597839
444
1.03434896469
445
1.02958202362
446
1.03242397308
447
1.03356099129
448
1.0396630764
449
1.0423271656
450
1.04398679733
451
1.04824590683
452
1.0526099205
453
1.05435395241
454
1.07676196098
455
1.07866311073
456
1.08364605904
457
1.08895111084
458
1.09034800529
459
1.0970480442
460
1.09747004509
461
1.09748792648
462
1.09951519966
463
1.10463905334
464
1.10640621185
465
1.10984897614
466
1.11357593536
467
1.11168909073
468
1.12075805664
469
1.10995197296
470
1.1266579628
471
1.13143014908
472
1.1383869648
473
1.14531207085
474
1.14579200745
475
1.15092897415
476
1.15572810173
477
1.14489102364
478
1.13679599762
479
1.13801407814
480
1.15494513512
481
1.15644407272
482
1.15986704826
483
1.15504384041
484
1.16355109215
485
1.39050793648
486
1.25883293152
487
1.19807696342
488
1.20215296745
489
1.20885920525
490
1.21263098717
491
1.21354198456
492
1.21475291252
493
1.21811199188
494
1.22144412994
495
1.22288298607
496
1.2255821228
497
1.22985291481
498
1.22540187836
499
1.2315120697
500
1.23383402824
501
1.24486494064
502
1.25111699104
503
1.24967288971
504
1.25806808472
505
1.26134991646
506
1.25946712494
507
1.26449298859
508
1.26602482796
509
1.26404500008
510
1.27049803734
511
1.25535202026
512
1.26355791092
513
1.26659703255
514
1.2709608078
515
1.28804397583
516
1.29585003853
517
1.29784488678
518
1.30554699898
519
1.31167006493
520
1.31469798088
521
1.32365107536
522
1.32860589027
523
1.30994796753
524
1.31958913803
525
1.32027983665
526
1.31388282776
527
1.32624912262
528
1.34313297272
529
1.33522200584
530
1.33692502975
531
1.34190392494
532
1.36772298813
533
1.372371912
534
1.37672901154
535
1.38116598129
536
1.39337396622
537
1.39981985092
538
1.40110993385
539
1.40242886543
540
1.40750384331
541
1.40362906456
542
1.4109389782
543
1.4154510498
544
1.41764497757
545
1.42106103897
546
1.42924308777
547
1.43387293816
548
1.44033002853
549
1.43285894394
550
1.44004511833
551
1.445333004
552
1.44578099251
553
1.44838619232
554
1.45036411285
555
1.45543503761
556
1.46153712273
557
1.46899795532
558
1.47234797478
559
1.47531795502
560
1.47854995728
561
1.48256516457
562
1.48700404167
563
1.4914419651
564
1.49958205223
565
1.49533200264
566
1.50687909126
567
1.53474402428
568
1.51042199135
569
1.51871490479
570
1.52255606651
571
1.52342605591
572
1.51987099648
573
1.53256297112
574
1.53124690056
575
1.53545308113
576
1.54281806946
577
1.55692696571
578
1.56308507919
579
1.56730794907
580
1.56997299194
581
1.57731103897
582
1.57886219025
583
1.57910609245
584
1.5861749649
585
1.5876750946
586
1.59093594551
587
1.58317995071
588
1.58954191208
589
1.59733390808
590
1.60135912895
591
1.60546994209
592
1.60904884338
593
1.61431288719
594
1.61771798134
595
1.62446498871
596
1.62817287445
597
1.63539004326
598
1.63725590706
599
1.6345770359
600
1.63659000397
601
1.64584207535
602
1.65184092522
603
1.65839600563
604
1.65665507317
605
1.66708087921
606
1.66403508186
607
1.67661309242
608
1.67423892021
609
1.67733311653
610
1.68865585327
611
1.69031691551
612
1.69217991829
613
1.70175790787
614
1.70187401772
615
1.70689105988
616
1.7136349678
617
1.71638011932
618
1.72282385826
619
1.72231888771
620
1.72618508339
621
1.72986793518
622
1.7355890274
623
1.73725795746
624
1.74198794365
625
1.74701094627
626
1.75166416168
627
1.75269913673
628
1.76244997978
629
1.76392292976
630
1.76501107216
631
1.7691719532
632
1.77914810181
633
1.78402686119
634
1.78883004189
635
1.78907680511
636
1.79298710823
637
1.80197906494
638
1.80738401413
639
1.81091809273
640
1.81244301796
641
1.81327104568
642
1.81790399551
643
1.81676006317
644
1.82764792442
645
1.82623505592
646
1.8304579258
647
1.8471391201
648
1.8553211689
649
1.858492136
650
1.85743308067
651
1.85228610039
652
1.86144399643
653
1.86157488823
654
1.87038612366
655
1.87470507622
656
1.88289093971
657
1.89144706726
658
1.89661192894
659
1.89315605164
660
1.89364910126
661
1.90334606171
662
1.90734910965
663
1.91175198555
664
1.91596889496
665
1.92039299011
666
1.92253112793
667
1.92101597786
668
1.93071103096
669
1.93710494041
670
1.93652796745
671
1.93996906281
672
1.94585299492
673
1.94821310043
674
1.95538187027
675
1.95919084549
676
2.17487502098
677
2.01110482216
678
1.97282505035
679
1.97802996635
680
1.98936605453
681
1.99606800079
682
1.99486303329
683
1.99739718437
684
2.00805807114
685
2.01038193703
686
2.01206183434
687
2.01635193825
688
2.01837396622
689
2.02733397484
690
2.03546309471
691
2.02825903893
692
2.03890395164
693
2.03173518181
694
2.02421307564
695
2.01927614212
696
2.04046607018
697
2.01472592354
698
2.02878904343
699
2.05557703972
700
2.04883098602
701
2.0632109642
702
2.06658887863
703
2.09139680862
704
2.08834576607
705
2.07686090469
706
2.17429184914
707
2.09990096092
708
2.11630606651
709
2.15012407303
710
2.14417219162
711
2.14500713348
712
2.15718698502
713
2.1647439003
714
2.1647310257
715
2.16819810867
716
2.16903805733
717
2.14023685455
718
2.15451788902
719
2.17357206345
720
2.22978401184
721
2.18415188789
722
2.17630195618
723
2.16258692741
724
2.1821141243
725
2.19912695885
726
2.19190502167
727
2.21189904213
728
2.21625113487
729
2.22618317604
730
2.21517705917
731
2.17377281189
732
2.2019109726
733
2.22413492203
734
2.25088500977
735
2.26153492928
736
2.27821207047
737
2.27382707596
738
2.27318286896
739
2.2546889782
740
2.27442097664
741
2.28681397438
742
2.29110503197
743
2.28455615044
744
2.29398584366
745
2.29494285583
746
2.2823908329
747
2.30110311508
748
2.27722215652
749
2.30323910713
750
2.30843091011
751
2.32328987122
752
2.33920812607
753
2.34278488159
754
2.3483710289
755
2.33650183678
756
2.30928397179
757
2.3045258522
758
2.3133161068
759
2.35959887505
760
2.39320492744
761
2.38157510757
762
2.40050292015
763
2.41737294197
764
2.40127301216
765
2.37961912155
766
2.36829900742
767
2.40931200981
768
2.41759705544
769
2.42022180557
770
2.41985702515
771
2.41240882874
772
2.4223690033
773
2.43092393875
774
2.42546105385
775
2.44731998444
776
2.4500169754
777
2.43830800056
778
2.44398808479
779
2.44860291481
780
2.43814182281
781
2.45352196693
782
2.48020195961
783
2.47595500946
784
2.50026202202
785
2.50431799889
786
2.5241420269
787
2.53689789772
788
2.53552508354
789
2.54304099083
790
2.53264594078
791
2.53438401222
792
2.5309150219
793
2.5339410305
794
2.53891706467
795
2.54155802727
796
2.55441904068
797
2.56315803528
798
2.54788589478
799
2.53750395775
800
2.52900600433
801
2.53053498268
802
2.58435487747
803
2.59365582466
804
2.59718585014
805
2.60618710518
806
2.57947897911
807
2.60948109627
808
2.89408898354
809
2.62233996391
810
2.64509391785
811
2.65265607834
812
2.66432499886
813
2.65677809715
814
2.65958595276
815
2.66292500496
816
2.65776515007
817
2.6760430336
818
2.68535494804
819
2.67949795723
820
2.66616916656
821
2.65997314453
822
2.67718291283
823
2.68209195137
824
2.64709210396
825
2.681828022
826
2.65080308914
827
2.68520593643
828
2.71582102776
829
2.7067668438
830
2.73818993568
831
2.73796796799
832
2.77187514305
833
2.77759385109
834
2.77336907387
835
2.7720489502
836
2.77646398544
837
2.78677082062
838
2.79629087448
839
2.80290603638
840
2.78050088882
841
2.79131698608
842
2.75621700287
843
2.78541588783
844
2.80586504936
845
2.8042910099
846
2.81419491768
847
2.79179811478
848
2.78757190704
849
2.76274490356
850
2.83053779602
851
2.84947991371
852
2.85396909714
853
2.8219101429
854
2.84281897545
855
2.86398005486
856
2.87523818016
857
2.88109397888
858
2.88532590866
859
2.85826683044
860
2.85977196693
861
2.86378002167
862
2.89165902138
863
2.91687893867
864
2.92059898376
865
2.91709113121
866
2.89695096016
867
2.92547106743
868
2.91774106026
869
2.94664382935
870
2.95060181618
871
2.94228196144
872
2.95158791542
873
2.96703290939
874
2.9604139328
875
2.99851298332
876
3.00889396667
877
2.98319101334
878
3.00514388084
879
3.01689815521
880
2.97982096672
881
2.96742606163
882
2.96979308128
883
3.01479005814
884
2.98938107491
885
3.00057697296
886
3.04058003426
887
3.0456738472
888
3.05531597137
889
3.04412198067
890
3.05692005157
891
3.04349303246
892
3.03615689278
893
3.07701587677
894
3.10291004181
895
3.09811401367
896
3.09416389465
897
3.10820913315
898
3.10234117508
899
3.1155538559
900
3.13063907623
901
3.12675595284
902
3.09722495079
903
3.07724189758
904
3.0894651413
905
3.12871909142
906
3.11094999313
907
3.11907601357
908
3.11110901833
909
3.13350200653
910
3.16007494926
911
3.18821406364
912
3.44648504257
913
3.20791482925
914
3.21903991699
915
3.21819782257
916
3.182035923
917
3.19915390015
918
3.2044479847
919
3.19893193245
920
3.1863219738
921
3.20566606522
922
3.25357294083
923
3.26664304733
924
3.27151584625
925
3.25653409958
926
3.26761412621
927
3.28466916084
928
3.29628109932
929
3.28086304665
930
3.30324602127
931
3.3127849102
932
3.34454011917
933
3.33489012718
934
3.34115719795
935
3.3504281044
936
3.36306977272
937
3.35432887077
938
3.35867905617
939
3.36639022827
940
3.3771481514
941
3.37136697769
942
3.38401889801
943
3.39000892639
944
3.40233516693
945
3.41175103188
946
3.4156730175
947
3.42267203331
948
3.42565703392
949
3.4265267849
950
3.4354789257
951
3.44668006897
952
3.45174312592
953
3.45124602318
954
3.45747995377
955
3.46676492691
956
3.47295689583
957
3.47800993919
958
3.47941589355
959
3.48705410957
960
3.49021911621
961
3.50212311745
962
3.510160923
963
3.51542592049
964
3.5196890831
965
3.53111696243
966
3.52884507179
967
3.53999304771
968
3.55080103874
969
3.53067517281
970
3.52724981308
971
3.56385302544
972
3.56987285614
973
3.57615995407
974
3.58480882645
975
3.58925104141
976
3.59696793556
977
3.61037707329
978
3.61082696915
979
3.61186003685
980
3.61920499802
981
3.62906193733
982
3.66249799728
983
3.64228606224
984
3.65164113045
985
3.65774893761
986
3.66295981407
987
3.66753387451
988
3.67196798325
989
3.68184304237
990
3.6941921711
991
3.6932580471
992
3.70116186142
993
3.70907616615
994
3.71484088898
995
3.71705317497
996
3.73220396042
997
3.74023914337
998
4.03654289246
999
3.75471401215
None
()
======================Tail===================
2
0.00278306007385
3
0.00452303886414
4
0.00581502914429
5
0.00732088088989
6
0.00905394554138
7
0.0103168487549
8
0.0119349956512
9
0.0145478248596
10
0.0151360034943
11
0.0166230201721
12
0.0183889865875
13
0.0206360816956
14
0.0220518112183
15
0.0234849452972
16
0.0250828266144
17
0.0262160301208
18
0.0283100605011
19
0.0294919013977
20
0.0311369895935
21
0.0354092121124
22
0.0404989719391
23
0.0432620048523
24
0.0467538833618
25
0.0489408969879
26
0.0518860816956
27
0.0554311275482
28
0.0574488639832
29
0.0603890419006
30
0.0639719963074
31
0.0667309761047
32
0.069011926651
33
0.0711069107056
34
0.0734601020813
35
0.0763301849365
36
0.0796809196472
37
0.0823349952698
38
0.0847940444946
39
0.0875680446625
40
0.0901520252228
41
0.0934600830078
42
0.0956399440765
43
0.0977530479431
44
0.10175204277
45
0.104855060577
46
0.108997106552
47
0.111140966415
48
0.113352060318
49
0.115410804749
50
0.118568897247
51
0.121023893356
52
0.123998880386
53
0.12633895874
54
0.129663944244
55
0.132232904434
56
0.135088920593
57
0.137626886368
58
0.140172958374
59
0.143468141556
60
0.147802829742
61
0.150139808655
62
0.152568817139
63
0.155577898026
64
0.157563924789
65
0.160408973694
66
0.164767980576
67
0.166653871536
68
0.168915987015
69
0.172107934952
70
0.174395084381
71
0.176632881165
72
0.180056095123
73
0.183000087738
74
0.185786962509
75
0.189440965652
76
0.192060947418
77
0.194577932358
78
0.196644067764
79
0.199260950089
80
0.202699899673
81
0.205769062042
82
0.20812702179
83
0.21093416214
84
0.214402914047
85
0.217761039734
86
0.222012042999
87
0.225623846054
88
0.226672172546
89
0.229923963547
90
0.233267068863
91
0.236492872238
92
0.239724159241
93
0.241986036301
94
0.245193004608
95
0.247921943665
96
0.25141787529
97
0.253125905991
98
0.257444143295
99
0.260760068893
100
0.26108789444
101
0.265346050262
102
0.267660856247
103
0.270736932755
104
0.273377180099
105
0.276888132095
106
0.280481100082
107
0.285923957825
108
0.288436889648
109
0.291584968567
110
0.293015003204
111
0.297400951385
112
0.302312135696
113
0.305721998215
114
0.307526111603
115
0.310277938843
116
0.31357884407
117
0.316504001617
118
0.319971084595
119
0.322021961212
120
0.327763795853
121
0.328684091568
122
0.332287073135
123
0.336309909821
124
0.337831020355
125
0.342550992966
126
0.346036911011
127
0.349302053452
128
0.352486133575
129
0.355067014694
130
0.35927605629
131
0.361509084702
132
0.363413095474
133
0.366578102112
134
0.369178056717
135
0.373443841934
136
0.376575946808
137
0.380085945129
138
0.383057117462
139
0.386693000793
140
0.388263225555
141
0.391891002655
142
0.394179105759
143
0.39687204361
144
0.40180683136
145
0.406592130661
146
0.408475875854
147
0.411907911301
148
0.414972066879
149
0.418663024902
150
0.419898986816
151
0.426034927368
152
0.429670095444
153
0.43409705162
154
0.438978910446
155
0.44335103035
156
0.44521689415
157
0.449316978455
158
0.452497959137
159
0.454735994339
160
0.462335109711
161
0.464107990265
162
0.47013092041
163
0.472612857819
164
0.476905107498
165
0.481184959412
166
0.481796979904
167
0.484724998474
168
0.490503072739
169
0.494655847549
170
0.499171972275
171
0.502658843994
172
0.506381034851
173
0.510748147964
174
0.512812852859
175
0.513808012009
176
0.521849870682
177
0.525595903397
178
0.529098987579
179
0.532681941986
180
0.538633108139
181
0.541684865952
182
0.543862104416
183
0.544198989868
184
0.691487073898
185
0.812497854233
186
0.81405711174
187
0.816133975983
188
0.820697069168
189
0.830311059952
190
1.11146092415
191
1.44961595535
192
1.48108386993
193
1.68782091141
194
6.10586190224
195
6.14690685272
196
6.13977813721
197
6.15011286736
198
6.26741313934
199
6.30786705017
200
6.28874707222
201
6.36449384689
202
6.31930208206
203
6.47258496284
204
6.58914017677
205
6.63622498512
206
6.48724985123
207
6.56481313705
208
6.61621117592
209
6.74151492119
210
6.73421788216
211
6.81121087074
212
6.83892297745
213
6.9868350029
214
6.94094705582
215
7.01072216034
216
6.98292279243
217
6.98241496086
218
6.98325610161
219
7.13612389565
220
7.12777900696
221
7.29435992241
222
7.34353113174
223
7.28782200813
224
7.41086196899
225
7.45754790306
226
7.42641401291
227
7.55202388763
228
7.55884218216
229
10.4331381321
230
7.63165616989
231
7.72098708153
232
7.73070883751
233
7.72329497337
234
7.81303715706
235
7.90181088448
236
8.02321910858
237
7.98639702797
238
7.99717998505
239
8.10671591759
240
8.13153600693
241
8.13486194611
242
8.14723515511
243
8.29919910431
244
8.37514209747
245
8.51151800156
246
8.40393996239
247
8.55680513382
248
8.52449893951
249
8.60528802872
250
8.61963295937
251
8.72629785538
252
8.54593896866
253
8.93069887161
254
8.62394618988
255
8.68473100662
256
9.47482991219
257
9.51858687401
258
9.94785499573
259
9.95095682144
260
9.20562601089
261
8.99397015572
262
9.07816791534
263
9.23465800285
264
12.2444021702
265
9.39832091331
266
9.3501200676
267
9.24172592163
268
9.32203292847
269
9.538449049
270
10.2806351185
271
9.78598403931
272
9.7839179039
273
9.78246998787
274
9.78881216049
275
9.745855093
276
9.80494093895
277
9.93074703217
278
10.0259950161
279
9.98013019562
280
10.261947155
281
10.0279808044
282
10.0643060207
283
10.0998408794
284
10.1393451691
285
10.2256851196
286
10.3803110123
287
10.2862539291
288
10.4731738567
289
10.4715669155
290
10.4574699402
291
10.4372019768
292
10.5054249763
293
12.9994189739
294
2.26916694641
295
1.04754495621
296
1.04145812988
297
1.05604791641
298
1.14758396149
299
1.52947187424
300
1.53393507004
301
1.55185198784
302
2.65242409706
303
3.77566313744
304
11.1403448582
305
11.1800019741
306
11.1278378963
307
11.1700658798
308
11.2755260468
309
11.4509539604
310
11.6831309795
311
11.3776609898
312
11.4451539516
313
11.701720953
314
11.6488468647
315
11.988683939
316
11.7550890446
317
11.7723538876
318
11.9574949741
319
11.7370131016
320
12.0293478966
321
11.8073871136
322
12.1173341274
323
12.2227618694
324
12.2378120422
325
12.2420451641
326
12.2814409733
327
15.2523438931
328
12.5445358753
329
12.2776398659
330
12.5699050426
331
12.3718519211
332
13.2283928394
333
12.7425210476
334
12.3589370251
335
12.7229487896
336
12.7270770073
337
12.9712209702
338
12.9516701698
339
12.616453886
340
12.6979281902
341
12.6420691013
342
12.9063677788
343
13.2387230396
344
13.1143000126
345
12.944838047
346
13.1467530727
347
13.2920360565
348
12.9396350384
349
13.1682159901
350
14.848498106
351
14.2699830532
352
13.6555299759
353
13.295142889
354
13.5198190212
355
13.6268630028
356
13.5561959743
357
13.5720858574
358
13.7642970085
359
13.9080319405
360
13.9130129814
361
13.9274661541
362
13.814260006
363
14.3443319798
364
14.0967810154
365
13.9854211807
366
14.164345026
367
14.2264540195
368
14.2080841064
369
14.2815499306
370
14.1853740215
371
14.3034911156
372
10.0412700176
373
1.39633083344
374
1.40401697159
375
1.39345788956
376
2.03168797493
377
2.03499484062
378
2.91561293602
379
5.61040592194
380
14.7253520489
381
14.781124115
382
14.6916298866
383
15.1831967831
384
14.9352810383
385
14.8416359425
386
15.0122408867
387
15.1527369022
388
14.948112011
389
15.1280128956
390
15.3551609516
391
15.2733919621
392
15.5006229877
393
15.5674099922
394
15.4502749443
395
15.4736201763
396
15.9465010166
397
15.6613619328
398
18.4597890377
399
16.1400949955
400
16.151034832
401
16.1157410145
402
16.2063949108
403
16.1478440762
404
15.7805361748
405
15.6695070267
406
15.9617321491
407
15.8220441341
408
15.9632470608
409
16.0361452103
410
16.0951709747
411
15.8725340366
412
15.9594540596
413
16.1468009949
414
16.2093319893
415
16.1658549309
416
19.3419921398
417
17.118983984
418
16.3781940937
419
16.408313036
420
16.6298260689
421
16.5902321339
422
16.7640039921
423
16.7098560333
424
16.7936439514
425
16.8101677895
426
16.793145895
427
17.0079138279
428
16.9954559803
429
16.9809391499
430
17.1103799343
431
17.2067689896
432
17.15959692
433
17.1173510551
434
12.7561428547
435
1.66987586021
436
1.67077207565
437
2.05493116379
438
2.45908808708
439
3.30536198616
440
8.29347896576
441
17.629627943
442
17.6248500347
443
17.8475980759
444
17.654307127
445
17.7435259819
446
18.0258290768
447
17.9997870922
448
18.0487630367
449
18.1695001125
450
18.2935249805
451
18.1861159801
452
18.1575448513
453
18.4234330654
454
18.4704289436
455
18.4218478203
456
21.7113070488
457
18.5998489857
458
18.6520299911
459
18.7420170307
460
18.7635030746
461
18.8058168888
462
18.9654681683
463
18.9349079132
464
18.8955590725
465
18.9670820236
466
19.1758768559
467
18.9404950142
468
19.1439118385
469
19.225025177
470
19.8007731438
471
22.9773881435
472
20.4013850689
473
20.2620902061
474
20.5043399334
475
20.6935689449
476
20.0299458504
477
19.7355279922
478
19.9034509659
479
19.7857618332
480
19.99695611
481
20.0299959183
482
19.9849359989
483
20.0384919643
484
20.1299479008
485
20.2398018837
486
17.6329431534
487
1.98606705666
488
2.00112986565
489
2.70134282112
490
3.00962495804
491
6.20742487907
492
20.7111639977
493
20.7527439594
494
20.906471014
495
20.7754898071
496
20.8420829773
497
21.0891489983
498
21.0627949238
499
21.0181908607
500
21.1644740105
501
21.1293680668
502
21.1799089909
503
21.37165308
504
21.2517008781
505
24.3303210735
506
21.4038689137
507
21.597028017
508
21.7267210484
509
22.4157428741
510
21.7766451836
511
22.128259182
512
21.8721520901
513
22.0683839321
514
22.0959811211
515
22.0115060806
516
22.4207730293
517
22.3726899624
518
25.4374861717
519
22.3773260117
520
22.3959510326
521
22.7538840771
522
22.8588480949
523
22.7812879086
524
23.0410220623
525
23.1524369717
526
23.0647478104
527
23.0314919949
528
23.0347690582
529
23.2493829727
530
23.1591219902
531
22.1232640743
532
2.23555707932
533
2.24862003326
534
3.26798200607
535
4.40046691895
536
16.1202280521
537
23.5382401943
538
23.712774992
539
23.779145956
540
23.785681963
541
24.0564219952
542
23.963779211
543
24.0563759804
544
24.0577709675
545
24.1249790192
546
24.0868151188
547
24.140130043
548
27.6678731441
549
30.1410272121
550
30.8565468788
551
30.2853229046
552
30.6936910152
553
30.5622489452
554
25.0229251385
555
24.8889629841
556
30.5805900097
557
30.7290129662
558
33.8322350979
559
30.7705869675
560
31.4157559872
561
31.1924920082
562
31.2266190052
563
32.0782160759
564
31.677038908
565
31.4710011482
566
31.7060661316
567
31.490609169
568
3.01924610138
569
3.64747190475
570
5.41917800903
571
23.7242040634
572
31.7414579391
573
31.5637700558
574
32.0615000725
575
32.5175058842
576
32.2346830368
577
32.0098080635
578
32.4182810783
579
32.1359739304
580
35.1882739067
581
32.1051819324
582
32.6871628761
583
32.3791069984
584
32.4678339958
585
32.5397119522
586
32.5552251339
587
32.8703780174
588
32.7051401138
589
35.8057742119
590
35.2902510166
591
34.8544578552
592
33.1785788536
593
33.2294359207
594
33.3382861614
595
33.3952550888
596
33.6552159786
597
34.348222971
598
7.4799990654
599
3.72654414177
600
5.69916296005
601
25.6013908386
602
34.0036988258
603
33.5473489761
604
33.9099321365
605
34.0215260983
606
34.375756979
607
34.1023600101
608
34.362101078
609
37.3019831181
610
34.3586030006
611
34.2874510288
612
34.2303199768
613
34.9313399792
614
34.371090889
615
34.7759439945
616
34.8544750214
617
34.6976587772
618
37.7736079693
619
34.8816571236
620
35.058161974
621
34.9866850376
622
35.1123569012
623
35.2922811508
624
35.3450570107
625
35.4266657829
626
27.1303610802
627
3.40429997444
628
4.76126599312
629
16.8707668781
630
35.9239990711
631
35.68496418
632
36.4698488712
633
36.5536630154
634
36.6531429291
635
35.958286047
636
36.2522881031
637
41.2313499451
638
37.0949890614
639
37.4696447849
640
37.2808861732
641
36.8723731041
642
37.4766020775
643
36.6124949455
644
37.3963499069
645
40.7161080837
646
37.7005448341
647
37.9130320549
648
37.955726862
649
38.0219120979
650
39.1708490849
651
38.2987651825
652
38.4045948982
653
13.5204391479
654
4.38060116768
655
7.28963708878
656
37.1904129982
657
38.6369450092
658
38.8328769207
659
43.5809650421
660
38.9163610935
661
38.7957558632
662
38.9554100037
663
42.1674919128
664
39.8322150707
665
39.347837925
666
38.4707009792
667
39.3149750233
668
39.2926621437
669
39.3651459217
670
42.4673969746
671
39.4660999775
672
39.0410959721
673
40.5723898411
674
40.0734817982
675
40.2502040863
676
40.7765719891
677
40.6170268059
678
12.4932279587
679
4.43530321121
680
9.11447310448
681
40.2639908791
682
40.7887439728
683
40.5110809803
684
40.4752449989
685
39.0614089966
686
38.8045840263
687
42.1047899723
688
40.4862999916
689
40.2899599075
690
40.2645361423
691
39.4713420868
692
39.3566608429
693
39.4341249466
694
39.7339630127
695
42.628798008
696
40.0673110485
697
40.7545640469
698
40.0640218258
699
40.1237821579
700
40.2648670673
701
40.4407188892
702
38.545320034
703
3.8572640419
704
5.33170890808
705
23.2510538101
706
40.6740000248
707
40.4023118019
708
40.8345320225
709
40.8398039341
710
41.1960408688
711
41.1379268169
712
44.5731930733
713
41.1663219929
714
41.8605561256
715
41.5100309849
716
41.6057140827
717
41.3244180679
718
42.0917878151
719
44.8798060417
720
41.8593418598
721
42.0404729843
722
42.133464098
723
42.608080864
724
42.6278100014
725
42.8909060955
726
30.4211480618
727
4.28533697128
728
7.15878200531
729
36.9123771191
730
42.827133894
731
42.6355290413
732
42.6308801174
733
43.0353820324
734
42.9394340515
735
46.1216700077
736
43.1389548779
737
43.3311839104
738
43.6246089935
739
43.0199248791
740
43.8214871883
741
44.3748288155
742
47.1303260326
743
44.1203999519
744
44.4860329628
745
44.3612039089
746
44.2479839325
747
44.3614788055
748
44.7330858707
749
18.0775780678
750
5.27769303322
751
17.401017189
752
43.6134469509
753
43.2705180645
754
44.3969159126
755
43.9768400192
756
43.8487741947
757
43.9486789703
758
47.2157571316
759
44.7386219501
760
43.8719208241
761
44.205247879
762
44.27998209
763
44.032959938
764
47.0351159573
765
44.7465090752
766
45.0131969452
767
44.8990750313
768
45.2721569538
769
45.1418271065
770
45.1994099617
771
27.7099409103
772
4.88967680931
773
7.67865800858
774
40.043061018
775
41.0141429901
776
40.9961249828
777
40.6538450718
778
41.0866971016
779
41.4336740971
780
43.7028949261
781
41.364002943
782
41.7571780682
783
41.4135088921
784
41.5289251804
785
41.6239368916
786
42.0593099594
787
43.8149039745
788
43.6615669727
789
42.4495820999
790
42.565939188
791
42.6138470173
792
42.7634980679
793
42.7351078987
794
45.0849099159
795
4.90685105324
796
5.52742505074
797
24.6087050438
798
43.109265089
799
42.9837257862
800
43.1259918213
801
43.2048618793
802
43.267236948
803
43.1183509827
804
46.4505479336
805
43.5712859631
806
43.5008981228
807
43.8131399155
808
43.8485519886
809
44.0840520859
810
48.240500927
811
47.2348611355
812
46.3903670311
813
44.6031658649
814
44.591919899
815
44.6454801559
816
44.8928279877
817
23.6494789124
818
5.06546497345
819
14.1888310909
820
44.8289408684
821
44.5349619389
822
45.1248738766
823
44.8670730591
824
44.8314020634
825
45.8599569798
826
48.5613870621
827
45.674929142
828
45.4415459633
829
45.6596081257
830
45.393050909
831
45.6503820419
832
49.0858359337
833
45.5498490334
834
46.0767400265
835
46.2746310234
836
46.7260961533
837
46.7033078671
838
48.669481039
839
7.0143699646
840
6.55387806892
841
34.073154211
842
47.1803312302
843
47.0608799458
844
46.707638979
845
46.6297328472
846
46.7864370346
847
50.4990408421
848
47.7688200474
849
47.1589579582
850
47.1392028332
851
47.7593181133
852
48.1761701107
853
50.615183115
854
47.5508720875
855
48.009773016
856
48.1508369446
857
48.4820120335
858
48.6570780277
859
41.7661910057
860
4.91330313683
861
8.72236394882
862
59.9203879833
863
61.1165549755
864
62.7623181343
865
61.2385010719
866
64.178704977
867
61.3816361427
868
61.1215491295
869
62.0154051781
870
63.0965130329
871
66.3891189098
872
61.9295771122
873
62.2139430046
874
62.4471588135
875
62.7482359409
876
17.6948711872
877
14.3986151218
878
62.4194159508
879
62.5264611244
880
62.7335619926
881
63.0120899677
882
66.3272709846
883
62.9863808155
884
63.0454409122
885
63.2349908352
886
62.9571070671
887
66.1239991188
888
63.4971349239
889
65.1600348949
890
64.3588728905
891
53.7375741005
892
7.10342478752
893
39.2288520336
894
63.8479790688
895
64.0411710739
896
64.1185851097
897
67.0476329327
898
64.1046960354
899
64.6743168831
900
64.6303861141
901
64.2800579071
902
67.6551260948
903
64.8986930847
904
65.2023229599
905
65.5339419842
906
65.7724208832
907
12.6359159946
908
24.9498319626
909
65.6374001503
910
64.9662427902
911
65.4837529659
912
65.2188470364
913
69.8026499748
914
66.8242681026
915
65.9396550655
916
65.7424230576
917
68.7084231377
918
66.3622870445
919
66.6575119495
920
66.9867739677
921
69.6368329525
922
7.83099889755
923
32.7607281208
924
67.0394439697
925
66.7651789188
926
66.8185920715
927
70.0699608326
928
67.1583120823
929
67.3833358288
930
67.0119478703
931
67.0326049328
932
70.6583900452
933
67.5980658531
934
67.9590559006
935
68.1985011101
936
48.9147081375
937
8.15024900436
938
54.1067788601
939
68.1734740734
940
67.6136360168
941
68.3335440159
942
70.7774300575
943
68.2239420414
944
68.4114460945
945
68.4864621162
946
71.4242448807
947
69.0780799389
948
69.5747301579
949
69.2887439728
950
69.3273448944
951
13.4590899944
952
32.8047709465
953
69.3683960438
954
69.3989388943
955
69.6874899864
956
72.1506359577
957
69.1214311123
958
69.5899879932
959
69.3192460537
960
72.4659869671
961
69.8833470345
962
70.2181651592
963
70.8519780636
964
71.6021330357
965
22.3308620453
966
26.1342759132
967
71.188035965
968
71.6640598774
969
71.2357189655
970
75.2815978527
971
72.9953579903
972
71.832201004
973
77.1840288639
974
89.0251939297
975
73.4283158779
976
73.2812619209
977
73.4461109638
978
50.5073280334
979
10.2325642109
980
67.6532621384
981
73.630895853
982
73.5311150551
983
77.1599831581
984
73.8106789589
985
74.4890170097
986
74.6524121761
987
77.9516320229
988
74.9216680527
989
75.2516260147
990
76.1918838024
991
68.8280689716
992
8.51302886009
993
57.2284579277
994
76.0238039494
995
75.9286608696
996
77.5938689709
997
78.3040049076
998
76.5135099888
999
76.7306468487
None
()
======================Non-tail===================
2
0.0391180515289
3
0.0403070449829
4
0.0456869602203
5
0.0798509120941
6
0.0440351963043
7
0.11900305748
8
0.0831220149994
9
0.125654935837
10
0.159165859222
11
0.127726078033
12
0.162013053894
13
0.167187929153
14
0.201287984848
15
0.169742107391
16
0.203732967377
17
0.209187984467
18
0.243431091309
19
0.248811006546
20
0.286131858826
21
0.28858590126
22
0.290604114532
23
0.366744995117
24
0.369406938553
25
0.37118601799
26
0.409968137741
27
0.411199808121
28
0.449662208557
29
0.488878011703
30
0.494673967361
31
0.529591083527
32
0.531605005264
33
0.570785045624
34
0.610061883926
35
0.616780996323
36
0.614504098892
37
0.694568872452
38
0.69274187088
39
0.698512077332
40
0.73432302475
41
0.778659105301
42
0.779309988022
43
0.817070960999
44
0.821454048157
45
0.86504483223
46
0.863224029541
47
0.905074119568
48
0.903472900391
49
0.94581413269
50
0.984951972961
51
0.984240055084
52
1.02645301819
53
1.02813005447
54
1.06746482849
55
1.10741901398
56
1.10908198357
57
1.14441108704
58
1.1501429081
59
1.19335699081
60
1.2266061306
61
1.23455286026
62
1.44004821777
63
1.27192211151
64
1.31487488747
65
1.31740307808
66
1.31456279755
67
1.39510297775
68
1.39297914505
69
1.43675303459
70
1.43250894547
71
1.47613191605
72
1.51690292358
73
1.51391506195
74
1.56229996681
75
1.56016612053
76
1.5672121048
77
1.63937783241
78
1.64568710327
79
1.64213514328
80
1.72367787361
81
1.7201089859
82
2.04249310493
83
3.55720615387
84
2.46085810661
85
1.84627890587
86
1.84266996384
87
1.88014602661
88
1.89326095581
89
1.96538519859
90
1.96926903725
91
2.00811505318
92
2.01138997078
93
2.04868888855
94
2.05131602287
95
2.09063005447
96
2.09611105919
97
2.13783192635
98
2.16869783401
99
2.16772389412
100
2.16570901871
101
2.20511198044
102
2.26303696632
103
2.26123404503
104
2.29967808723
105
2.34526991844
106
2.37987279892
107
2.41612195969
108
2.42778992653
109
2.48931002617
110
2.45059800148
111
2.53594112396
112
2.53423810005
113
2.54031705856
114
2.58658504486
115
2.6207909584
116
2.66061091423
117
2.66560196877
118
2.74379396439
119
2.74610495567
120
2.78693795204
121
2.78648400307
122
2.79489421844
123
2.7894411087
124
2.83276700974
125
2.86652088165
126
2.90715408325
127
2.91152381897
128
2.99237895012
129
2.95147681236
130
2.99117207527
131
3.03474807739
132
3.02845191956
133
3.06918287277
134
3.14525604248
135
3.1501789093
136
3.19547200203
137
3.23312997818
138
3.22969913483
139
3.27099990845
140
3.31399917603
141
3.31194806099
142
3.35200095177
143
3.35731387138
144
3.3929040432
145
3.43838405609
146
3.51385402679
147
3.47786903381
148
3.5148870945
149
3.56089091301
150
3.5975458622
151
3.6002779007
152
3.63785600662
153
3.6783349514
154
3.64257287979
155
3.71813988686
156
3.76108694077
157
3.76509404182
158
3.80100798607
159
3.84373521805
160
3.84618186951
161
3.88815307617
162
3.88753581047
163
3.96610188484
164
3.96728396416
165
3.99071907997
166
4.04784202576
167
4.08846592903
168
4.12887096405
169
4.13502192497
170
4.17363190651
171
4.25666093826
172
4.21972608566
173
4.29707503319
174
4.33523488045
175
4.33450698853
176
4.3431391716
177
4.38239908218
178
4.42772507668
179
5.46646904945
180
5.04318022728
181
0.435508012772
182
0.441013097763
183
0.443114995956
184
0.448276996613
185
0.453124046326
186
0.451842069626
187
0.455678939819
188
0.456377983093
189
0.459637880325
190
0.461531877518
191
0.521502971649
192
0.67266201973
193
0.692915916443
194
0.687498092651
195
0.690845012665
196
0.703529834747
197
0.704352855682
198
0.727126836777
199
1.24778318405
200
1.25154685974
201
1.26096987724
202
1.50780701637
203
5.23409199715
204
5.27944493294
205
5.27165579796
206
5.31857299805
207
5.39724993706
208
5.44903302193
209
5.47309494019
210
5.48547911644
211
5.56650900841
212
5.84286403656
213
5.9420800209
214
5.61244893074
215
5.68318796158
216
5.72122788429
217
5.80703306198
218
5.78150510788
219
5.80309200287
220
5.81288194656
221
5.94964599609
222
5.95817899704
223
6.03401279449
224
6.10838890076
225
6.1223859787
226
6.07864999771
227
6.11351680756
228
6.19241189957
229
6.12730503082
230
6.29519081116
231
6.33948707581
232
6.38440299034
233
6.48341417313
234
6.40308094025
235
6.40725898743
236
6.44846820831
237
6.45362496376
238
6.49155497551
239
6.60016107559
240
6.64317703247
241
6.6741540432
242
6.68487811089
243
6.76448822021
244
6.87497806549
245
6.84064006805
246
6.86631798744
247
6.94660305977
248
9.2488629818
249
7.35994195938
250
7.02245306969
251
7.0423951149
252
7.05343389511
253
7.05776906013
254
7.23312592506
255
7.23956894875
256
7.32774806023
257
7.30489897728
258
7.43657302856
259
7.50464200974
260
7.43438696861
261
7.49501395226
262
7.48607802391
263
7.52196502686
264
7.69331097603
265
7.67426300049
266
7.7062458992
267
7.71860980988
268
7.72801804543
269
7.8445930481
270
7.83389616013
271
7.84358787537
272
7.98572182655
273
7.9025759697
274
8.09708285332
275
8.08415699005
276
8.13121390343
277
8.13618993759
278
8.13578605652
279
8.16031002998
280
8.4411149025
281
8.37320709229
282
8.50254487991
283
8.37616705894
284
8.36117506027
285
8.61132407188
286
9.47846603394
287
10.8151979446
288
8.59849095345
289
8.57760810852
290
8.64044189453
291
8.70175409317
292
8.74279117584
293
8.85122203827
294
8.92536497116
295
8.96835494041
296
8.96996212006
297
8.96979188919
298
9.01107811928
299
9.04346394539
300
9.06733989716
301
9.13974285126
302
9.14960813522
303
9.16519594193
304
9.21301293373
305
9.17828702927
306
9.18205308914
307
9.32919883728
308
9.34508705139
309
9.41481399536
310
9.46150898933
311
9.54349803925
312
9.61135387421
313
9.63845419884
314
9.59207415581
315
9.67203712463
316
9.76388096809
317
9.79473686218
318
9.82275700569
319
9.57049489021
320
0.959886074066
321
0.952633142471
322
0.957142829895
323
0.968901157379
324
1.04402899742
325
1.42278599739
326
1.42636299133
327
1.44468593597
328
2.14559483528
329
2.5441429615
330
7.9784309864
331
10.3858370781
332
10.3798239231
333
10.5033478737
334
10.5222401619
335
10.6300699711
336
10.627986908
337
10.5434980392
338
10.5376489162
339
10.6976289749
340
10.8296709061
341
10.9084749222
342
10.7938849926
343
10.8743081093
344
10.9091880322
345
11.0250649452
346
11.0556218624
347
11.0616140366
348
11.1726219654
349
11.1408390999
350
11.1190340519
351
11.2874958515
352
11.3660521507
353
11.1758680344
354
11.1669170856
355
12.7780339718
356
13.1740381718
357
11.6770989895
358
11.5043990612
359
11.4718649387
360
11.9445209503
361
11.7304830551
362
11.6997101307
363
11.7356100082
364
11.8050839901
365
11.8464159966
366
11.7635190487
367
11.6771309376
368
11.8505859375
369
11.9379768372
370
12.0620200634
371
12.0228850842
372
12.1568009853
373
12.1591072083
374
12.2653961182
375
12.0499801636
376
12.2706201077
377
12.3825330734
378
12.3807461262
379
12.4595179558
380
14.8425989151
381
13.1003630161
382
12.6236541271
383
12.3871781826
384
12.1888802052
385
12.371917963
386
12.8231210709
387
12.9033968449
388
12.9107079506
389
12.9491641521
390
12.7241311073
391
12.8191008568
392
12.9959628582
393
13.0581769943
394
13.1591410637
395
13.184264183
396
13.184666872
397
13.2500228882
398
13.3729100227
399
13.3976960182
400
13.4480781555
401
13.482749939
402
13.5123660564
403
15.6351959705
404
1.30388092995
405
1.29313111305
406
1.30692696571
407
1.44298100471
408
1.85344696045
409
1.84179711342
410
2.67301392555
411
4.06412887573
412
13.6291880608
413
13.5544919968
414
13.7527730465
415
14.2492420673
416
13.6385848522
417
13.6226689816
418
13.7064089775
419
13.8255031109
420
13.908272028
421
13.9229040146
422
13.8514411449
423
14.1260979176
424
14.0082499981
425
13.6396071911
426
13.599864006
427
13.8119249344
428
13.9312570095
429
13.8471047878
430
13.8810520172
431
14.0204720497
432
16.7711520195
433
14.0589990616
434
14.2510869503
435
14.0271289349
436
14.4313590527
437
14.5857307911
438
14.3014609814
439
14.7823560238
440
14.5126230717
441
14.5410249233
442
14.5272750854
443
14.5389590263
444
14.7703371048
445
14.8724389076
446
14.7861299515
447
14.7959439754
448
14.9161608219
449
14.8754370213
450
14.9492938519
451
14.862746954
452
18.1576621532
453
15.2678649426
454
15.0718240738
455
15.2459478378
456
15.3220210075
457
15.1647500992
458
15.3081169128
459
15.5398449898
460
15.4785878658
461
15.6110429764
462
15.5145330429
463
15.9016330242
464
15.6448409557
465
15.5501201153
466
15.6616339684
467
15.7627909184
468
16.0057649612
469
15.9273300171
470
15.9718708992
471
15.5953359604
472
1.55144095421
473
1.5299141407
474
1.54278302193
475
2.2607319355
476
2.28198289871
477
3.62369608879
478
10.7617199421
479
16.2605991364
480
16.1580579281
481
16.3237111568
482
16.4738228321
483
16.3924410343
484
16.5954709053
485
16.6561441422
486
16.8540589809
487
16.8247771263
488
16.9149589539
489
16.7912449837
490
16.7769939899
491
16.9089770317
492
17.0785610676
493
16.9800031185
494
16.8538651466
495
20.0750360489
496
17.0246548653
497
16.9715058804
498
17.1884667873
499
17.3568739891
500
17.3711190224
501
17.3564748764
502
17.5265710354
503
17.5916509628
504
17.4249060154
505
17.3418741226
506
17.6314079762
507
17.5080890656
508
17.6927521229
509
17.9023702145
510
17.7013201714
511
17.8619301319
512
20.8406279087
513
17.8041951656
514
17.9495561123
515
17.9880800247
516
18.3796589375
517
18.8325710297
518
18.1890499592
519
18.3425519466
520
18.2734909058
521
18.2353401184
522
18.3660039902
523
18.406208992
524
18.5245029926
525
18.5072669983
526
18.6294109821
527
18.700067997
528
14.4394569397
529
1.80403995514
530
1.81510186195
531
2.4320230484
532
2.64769697189
533
4.32178711891
534
15.7152848244
535
19.204241991
536
19.6943078041
537
18.9573359489
538
18.9533190727
539
19.2657959461
540
19.2367219925
541
19.2145438194
542
19.3527941704
543
19.4200029373
544
19.4348859787
545
19.3697981834
546
19.7463581562
547
19.6696000099
548
22.654802084
549
19.9903390408
550
19.9065978527
551
20.1369071007
552
20.2203719616
553
19.7934439182
554
19.999352932
555
20.2207419872
556
20.2135128975
557
20.2962560654
558
20.3504729271
559
20.4412460327
560
20.7019240856
561
20.6177639961
562
20.4720609188
563
23.7323360443
564
20.8365089893
565
20.7112729549
566
21.0512590408
567
21.0338430405
568
21.0757391453
569
21.1103041172
570
21.1342868805
571
21.1064639091
572
21.3300421238
573
21.2242040634
574
21.3410570621
575
21.4271869659
576
21.3788218498
577
15.3423109055
578
2.06638503075
579
2.10861110687
580
3.0244679451
581
3.94668102264
582
12.8236169815
583
21.5102479458
584
21.9707729816
585
21.9571928978
586
21.946710825
587
22.0218429565
588
21.8739190102
589
22.1491210461
590
22.2770421505
591
22.2077951431
592
22.1401119232
593
22.2486569881
594
22.3190159798
595
25.6617720127
596
22.5423989296
597
22.6907291412
598
22.638466835
599
22.4736580849
600
22.5056660175
601
22.6944839954
602
22.5511651039
603
22.7888109684
604
22.7156300545
605
23.1908378601
606
22.9689850807
607
22.8829770088
608
25.960693121
609
23.1251020432
610
23.7338569164
611
23.3810341358
612
23.3508660793
613
23.6603429317
614
23.540845871
615
23.6070671082
616
23.6670861244
617
23.9495940208
618
23.9355330467
619
23.7204911709
620
26.5786049366
621
2.29210090637
622
2.30489206314
623
3.17131996155
624
4.2062330246
625
14.9224569798
626
24.1037738323
627
24.3110940456
628
24.2073130608
629
24.2206788063
630
24.3208739758
631
24.195882082
632
24.5715010166
633
23.7931599617
634
24.1528670788
635
24.4113690853
636
24.3001720905
637
27.2223689556
638
24.6315050125
639
24.4883551598
640
24.5120129585
641
24.3409099579
642
25.1689138412
643
24.8476438522
644
25.1836600304
645
25.1798241138
646
25.4358639717
647
25.3904008865
648
27.5509660244
649
25.6253619194
650
25.1694550514
651
25.3495669365
652
25.365388155
653
25.4440021515
654
25.6489610672
655
25.6874940395
656
26.0558841228
657
25.2459411621
658
25.6473989487
659
25.7702989578
660
22.1089119911
661
2.49938797951
662
2.86549592018
663
3.69221806526
664
9.7457420826
665
26.4870297909
666
26.4912700653
667
26.5230119228
668
26.6089980602
669
26.7482948303
670
26.619492054
671
27.1054780483
672
26.6489589214
673
26.6536278725
674
26.9548900127
675
30.1758310795
676
26.9120900631
677
27.7573809624
678
27.1841208935
679
27.3734560013
680
27.2239451408
681
27.0996928215
682
27.5419149399
683
27.4252262115
684
27.9216561317
685
27.211055994
686
30.5792219639
687
27.4964950085
688
27.7669799328
689
27.6892180443
690
28.0960011482
691
27.9231719971
692
28.4966568947
693
28.3163740635
694
28.4331119061
695
28.3959648609
696
27.0944738388
697
2.70808291435
698
3.14364409447
699
4.26029491425
700
15.0517590046
701
28.4566040039
702
28.7896809578
703
28.6222999096
704
28.598747015
705
27.9338128567
706
28.4109320641
707
28.6768319607
708
28.9908101559
709
28.9216930866
710
31.8333199024
711
29.3380401134
712
29.1391639709
713
28.9743299484
714
29.3137559891
715
29.1821899414
716
29.6831111908
717
29.2095210552
718
29.6586489677
719
29.6792030334
720
32.6140229702
721
28.8261389732
722
29.3057329655
723
29.1188728809
724
29.5985178947
725
29.5720829964
726
29.7920210361
727
29.8369469643
728
29.7406680584
729
29.4912979603
730
23.9415969849
731
2.8571767807
732
3.60971593857
733
5.31380081177
734
22.7548851967
735
29.9783740044
736
30.2183768749
737
29.9349560738
738
30.2589128017
739
30.134802103
740
31.0671749115
741
30.3942008018
742
30.445535183
743
33.6638150215
744
30.8135249615
745
30.7908740044
746
30.7467269897
747
30.5388870239
748
30.8454828262
749
31.0038728714
750
31.0667657852
751
30.9933168888
752
31.2846710682
753
33.4741790295
754
30.9062080383
755
31.3850250244
756
31.6089911461
757
31.5594058037
758
31.7967648506
759
31.9528610706
760
31.7332630157
761
31.3923258781
762
25.5289130211
763
3.06275200844
764
4.05957317352
765
6.43435907364
766
31.0798890591
767
32.360902071
768
32.3057360649
769
32.6404290199
770
32.4718658924
771
32.5022740364
772
32.7791259289
773
32.892414093
774
35.8580842018
775
33.1896269321
776
33.3504610062
777
32.7380590439
778
32.8235960007
779
32.6871700287
780
32.857927084
781
32.7408850193
782
32.7699790001
783
36.1378149986
784
33.0193090439
785
32.8743460178
786
33.1898789406
787
33.1851570606
788
33.376541853
789
33.9524681568
790
33.7542378902
791
33.4174201488
792
25.6243860722
793
3.18062710762
794
4.3196618557
795
9.54397201538
796
33.4532661438
797
33.9311947823
798
33.6861801147
799
33.9487080574
800
33.5137720108
801
33.724686861
802
33.8244869709
803
33.7109959126
804
37.362637043
805
34.0130701065
806
34.1144669056
807
34.2058491707
808
34.2118489742
809
33.9031438828
810
34.1684889793
811
34.3287889957
812
37.013105154
813
34.3071539402
814
34.6108701229
815
34.6881082058
816
35.0077769756
817
34.8784239292
818
35.0634608269
819
35.2019598484
820
35.3681240082
821
21.4222180843
822
3.49388599396
823
5.07757616043
824
21.0485010147
825
35.0429270267
826
35.3096618652
827
35.5075719357
828
35.812461853
829
35.6175851822
830
35.9606649876
831
35.9589400291
832
38.7749509811
833
35.4897592068
834
35.8686859608
835
36.1206140518
836
36.3038377762
837
36.1039810181
838
36.3280282021
839
36.5445899963
840
39.288618803
841
35.9153699875
842
36.6899898052
843
36.6685819626
844
36.7425041199
845
37.4204251766
846
37.1150000095
847
37.6600949764
848
31.2432990074
849
3.50558996201
850
4.91919779778
851
17.8386259079
852
37.7135679722
853
37.4616558552
854
37.5065598488
855
37.3245608807
856
37.6035511494
857
38.5426590443
858
38.4282729626
859
42.0216109753
860
39.6463050842
861
38.976142168
862
39.3149619102
863
39.3590569496
864
38.8647727966
865
38.9998369217
866
41.9693899155
867
39.3009679317
868
39.9983580112
869
39.9318749905
870
39.8459169865
871
40.0553100109
872
39.7771759033
873
39.5656750202
874
13.7397739887
875
4.68132185936
876
11.0504992008
877
40.5186190605
878
41.170758009
879
40.5067548752
880
40.7251999378
881
40.398170948
882
40.8070399761
883
43.150192976
884
40.7889409065
885
40.853071928
886
41.7968299389
887
40.7998051643
888
41.2464239597
889
40.7843000889
890
42.7628741264
891
42.5869910717
892
41.9400641918
893
41.6279439926
894
41.8596439362
895
41.9158871174
896
41.6853561401
897
41.3438570499
898
15.0155580044
899
4.94092702866
900
14.5725109577
901
42.0165100098
902
42.2643589973
903
42.2932879925
904
42.283217907
905
43.7765040398
906
43.9105501175
907
47.1925158501
908
44.4262359142
909
44.3320329189
910
44.6827700138
911
44.4456157684
912
44.6805291176
913
43.8420791626
914
46.6865580082
915
44.247150898
916
44.0649218559
917
44.6084620953
918
44.7407000065
919
44.8726520538
920
38.9719419479
921
4.32030797005
922
7.27894496918
923
37.3384530544
924
44.6724948883
925
44.443748951
926
44.9065668583
927
44.9450218678
928
45.4933018684
929
47.8078980446
930
45.2217161655
931
45.2528851032
932
45.5903878212
933
45.3272051811
934
46.4005458355
935
49.555824995
936
46.2912268639
937
45.8989999294
938
46.0485870838
939
45.9959499836
940
46.1929600239
941
46.4119229317
942
26.0786130428
943
5.20388388634
944
15.9818298817
945
46.401113987
946
46.5608658791
947
46.3507330418
948
46.4429738522
949
46.5319650173
950
50.3201041222
951
46.9024100304
952
47.3318080902
953
47.0029239655
954
47.0245709419
955
47.236946106
956
47.1249361038
957
50.2606678009
958
47.5304059982
959
47.738902092
960
47.7414159775
961
49.5593988895
962
49.0955569744
963
22.3885700703
964
5.92932105064
965
27.5877280235
966
49.4877548218
967
49.2800359726
968
49.3767459393
969
49.3261299133
970
49.4929468632
971
52.7683801651
972
49.9344699383
973
50.2676301003
974
50.288408041
975
49.8665888309
976
49.9773619175
977
54.280880928
978
50.6561050415
979
50.2293100357
980
50.8861031532
981
50.8197829723
982
53.8798019886
983
7.04517102242
984
8.03564596176
985
39.0729751587
986
46.9508991241
987
46.6283888817
988
46.7171092033
989
46.728962183
990
47.01694417
991
50.2158849239
992
47.1667180061
993
46.9166078568
994
47.4554209709
995
47.5638849735
996
47.5795722008
997
50.2283389568
998
48.3173730373
999
48.700717926
